1001030 2 20.46635874 31DEC2018 
2005030 2 151.89921902 31DEC2018 
2005040 2 752.1434742 31DEC2018 
4200040 2 381.95786399 31DEC2018 
4000670 1 54.242825626 31DEC2018 
5090000 1 140.80432621 31DEC2018 
5080050 1 46.757903196 31DEC2018 
6001080 3 17838.516473 31DEC2018 
6400600 1 1.4027319654 31DEC2018 
1001030 2 240.49996134 31JAN2019 
2005030 2 155.11089521 31JAN2019 
2005040 2 721.96348394 31JAN2019 
4200040 2 341.78684957 31JAN2019 
4000670 1 54.550273923 31JAN2019 
5090000 1 124.59797166 31JAN2019 
5080050 1 44.10680372 31JAN2019 
6001080 3 17679.125664 31JAN2019 
6400600 1 1.3698129378 31JAN2019 
1001030 2 16.17325128 28FEB2019 
2005030 2 155.02485146 28FEB2019 
2005040 2 698.32046477 28FEB2019 
4200040 2 324.54996467 28FEB2019 
4000670 1 54.117136661 28FEB2019 
5090000 1 210.55762424 28FEB2019 
5080050 1 43.655356565 28FEB2019 
6001080 3 17801.735267 28FEB2019 
6400600 1 1.3367078621 28FEB2019 
1001030 2 15.455339675 31MAR2019 
2005030 2 153.6376364 31MAR2019 
2005040 2 436.75464466 31MAR2019 
4200040 2 328.88999593 31MAR2019 
4000670 1 54.06840136 31MAR2019 
5090000 1 209.68873825 31MAR2019 
5080050 1 48.262906991 31MAR2019 
6001080 3 18545.164686 31MAR2019 
6400600 1 1.3026264259 31MAR2019 
1001030 1 4.0449254499 30APR2019 
2005030 2 152.8092591 30APR2019 
2005040 2 418.04376465 30APR2019 
4200040 2 192.50580059 30APR2019 
4000670 1 54.564550877 30APR2019 
5090000 1 139.52081795 30APR2019 
5080050 1 45.55006243 30APR2019 
6001080 3 18274.54589 30APR2019 
6400600 1 1.2683902722 30APR2019 
1001030 1 3.8470308639 31MAY2019 
2005030 2 152.24488404 31MAY2019 
2005040 2 96.472817121 31MAY2019 
4200040 2 181.58456792 31MAY2019 
4000670 1 54.511114679 31MAY2019 
5090000 1 140.29130872 31MAY2019 
5080050 1 45.363627847 31MAY2019 
6001080 3 18320.62846 31MAY2019 
6400600 1 1.2343272924 31MAY2019 
1001030 1 3.6418345703 30JUN2019 
2005030 2 160.12555809 30JUN2019 
2005040 2 61.848902557 30JUN2019 
4200040 2 26.761118389 30JUN2019 
4000670 1 53.970798759 30JUN2019 
5090000 1 187.45534321 30JUN2019 
5080050 1 54.725424189 30JUN2019 
6001080 3 20168.828415 30JUN2019 
6400600 1 1.1992606443 30JUN2019 
1001030 1 2.6549385876 31JUL2019 
2005030 2 157.42715684 31JUL2019 
2005040 2 61.998629457 31JUL2019 
4200040 2 25.775131808 31JUL2019 
4000670 1 48.282332772 31JUL2019 
5090000 1 194.36599843 31JUL2019 
5080050 1 54.96598957 31JUL2019 
6001080 3 20277.07267 31JUL2019 
6400600 1 1.1660095295 31JUL2019 
1001030 1 2.498374817 31AUG2019 
2005030 2 154.0248261 31AUG2019 
2005040 2 58.437238802 31AUG2019 
4200040 2 24.784432624 31AUG2019 
4000670 1 47.583156548 31AUG2019 
5090000 1 191.30969635 31AUG2019 
5080050 1 54.229450445 31AUG2019 
6001080 3 20157.98234 31AUG2019 
6400600 1 0.8665982543 31AUG2019 
1001030 1 2.3401166492 30SEP2019 
2005030 2 149.71808117 30SEP2019 
2005040 2 44.71783757 30SEP2019 
4200040 2 18.43758187 30SEP2019 
4000670 1 47.676676852 30SEP2019 
5090000 1 179.53382655 30SEP2019 
5080050 1 52.508030701 30SEP2019 
6001080 3 19910.412559 30SEP2019 
6400600 1 0.8397733242 30SEP2019 
1001030 1 1.4934923608 31OCT2019 
2005030 2 147.43531714 31OCT2019 
2005040 2 29.85236368 31OCT2019 
4200040 2 17.6225397 31OCT2019 
4000670 1 47.509646815 31OCT2019 
5090000 1 180.38860567 31OCT2019 
5080050 1 51.819886666 31OCT2019 
6001080 3 19906.248261 31OCT2019 
6400600 1 0.8131099221 31OCT2019 
1001030 1 1.383013089 30NOV2019 
2005030 2 147.83478255 30NOV2019 
2005040 2 27.863723732 30NOV2019 
4200040 2 16.831105784 30NOV2019 
4000670 1 47.380406535 30NOV2019 
5090000 1 206.10572211 30NOV2019 
5080050 1 51.517863612 30NOV2019 
6001080 3 19919.488195 30NOV2019 
6400600 1 0.5350457603 30NOV2019